4736(19.150000): 
	3738 19.150000 
	3546 19.150000 
	6465 20.150000 
	8283 20.150000 
	8284 20.150000 
	8273 10020.150000 
	8293 23.150000 
4645(20.150000): 
	3738 20.150000 
	3445 20.150000 
	6465 20.150000 
	8283 20.150000 
	8284 20.150000 
	8273 10020.150000 
	8293 23.150000 
4635(21.150000): 
	3738 21.150000 
	6465 20.150000 
	8283 20.150000 
	8284 20.150000 
	8273 10020.150000 
	8293 23.150000 
3231(20.150000): 
	3738 20.150000 
	3546 19.150000 
	6465 20.150000 
	8283 20.150000 
	8284 20.150000 
	8273 10020.150000 
	8293 23.150000 
5152(20.150000): 
	3738 20.150000 
	3546 19.150000 
	6465 20.150000 
	8283 20.150000 
	8284 20.150000 
	8273 10020.150000 
	8293 23.150000 
5153(20.150000): 
	3738 20.150000 
	3546 19.150000 
	6465 20.150000 
	8283 20.150000 
	8284 20.150000 
	8273 10020.150000 
	8293 23.150000 
5154(20.150000): 
	3738 20.150000 
	3546 19.150000 
	6465 20.150000 
	8283 20.150000 
	8284 20.150000 
	8273 10020.150000 
	8293 23.150000 
5155(20.150000): 
	3738 20.150000 
	3546 19.150000 
	6465 20.150000 


------k-
-BPp----
--pp----
--P-----
--P--P--
--bn--K-
N-pn--bP
----r---
	6455 20.150000 


------k-
-BPp----
--pp----
--P-P---
--P-----
--bn--K-
N-pn--bP
----r---
	8283 20.150000 
	8284 20.150000 
	8273 10020.150000 
	8293 23.150000 
5156(20.150000): 
	3738 20.150000 
	3546 19.150000 
	6465 20.150000 
	8283 20.150000 
	8284 20.150000 
	8273 10020.150000 
	8293 23.150000 
5157(20.150000): 
	3738 20.150000 
	3546 19.150000 
	6465 20.150000 
	8283 20.150000 
	8284 20.150000 
	8273 10020.150000 
	8293 23.150000 
5158(20.150000): 
	3738 20.150000 
	3546 19.150000 
	6465 20.150000 
	8283 20.150000 
	8284 20.150000 
	8273 10020.150000 
	8293 23.150000 
